              [22,27,16,2,18,6] başlangıç dizimiz için Insertion Sort aşamaları

1. Adım   22 < 27 --->  [22,27,16,2,18,6]
2. Adım   27 > 16 --->  [22,16,27,2,18,6]
          22 > 16 --->  [16,22,27,2,18,6]
3. Adım   27 > 2  --->  [16,22,2,27,18,6]
          22 > 2  --->  [16,2,22,27,18,6]
          16 > 2  --->  [2,16,22,27,18,6]
4. Adım   27 > 18 --->  [2,16,22,18,27,6]
          22 > 18 --->  [2,16,18,22,27,6]
5. Adım   27 > 6  --->  [2,16,18,22,6,27]
          22 > 6  --->  [2,16,18,6,22,27]
          18 > 6  --->  [2,16,6,18,22,27]
          16 > 6  --->  [2,6,16,18,22,27]
Sıralı dizi ---> [2,6,16,18,22,27]
Big-O(n^2)
